60 139 186 128 114  22 127  62 104 125 238 162 239 175 124  12
  26  34 237 240 229 240 178 198 147 182 133 232 230 137  89 179
 143   4  59  50 202 132 251 109   2 141   9 179 214 200  86 222
  15  73 217  34  83   9 203  21 155 246 147  93 241 167  88 229
 229  24  57  19 188  59 135 147  98 188  78 236 250 201  13 206
  58 196 142 186  52 125 177  84  65 251 114  81  71   1  49 162
 155 107   8 232 238  79  15   1 182  82  22  46 145 119 195 254
  53  28  52  74 212  24 125 150 102  74 104 133 213 145  75  97
 164 242  23 100  74 163  83 128 113   5 126 247 249  58 159  42
 207 200  47 169  13  62
